1258
0 80 38
1 6 20
2 31 11
3 80 21
4 92 17
5 97 12
6 49 1
7 35 45
8 11 42
9 86 5
10 66 14
11 3 43
12 86 45
13 63 15
14 63 12
15 36 6
16 85 19
17 7 23
18 20 5
19 25 37
20 69 48
21 85 22
22 90 18
23 95 48
24 92 22
25 65 33
26 45 1
27 92 29
28 65 49
29 65 29
30 23 32
31 36 16
32 42 48
33 77 16
34 82 30
35 65 39
36 79 6
37 13 38
38 80 40
39 49 19
40 86 34
41 55 43
42 30 47
43 24 18
44 72 44
45 38 41
46 10 2
47 51 15
48 27 28
49 22 37
50 90 27
51 48 40
52 31 49
53 74 47
54 72 28
55 19 7
56 58 48
57 66 37
58 25 6
59 68 19
60 60 4
61 92 26
62 99 27
63 56 11
64 71 42
65 5 6
66 27 14
67 31 41
68 67 34
69 13 26
70 100 46
71 46 5
72 12 28
73 69 30
74 87 9
75 100 5
76 60 6
77 20 40
78 99 33
79 17 5
80 89 33
81 30 46
82 80 43
83 53 19
84 7 23
85 15 29
86 62 4
87 83 7
88 71 3
89 11 27
90 35 13
91 91 9
92 69 28
93 94 3
94 34 34
95 56 37
96 44 11
97 43 23
98 100 6
99 50 49
