15212
0 42 11
1 1 21
2 28 80
3 53 87
4 20 29
5 23 39
6 79 92
7 26 98
8 47 97
9 46 12
10 5 3
11 89 96
12 23 17
13 8 93
14 50 99
15 65 30
16 73 69
17 72 1
18 72 88
19 76 56
20 35 5
21 16 97
22 7 40
23 55 85
24 80 49
25 70 75
26 32 28
27 98 83
28 47 20
29 40 7
30 66 25
31 96 44
32 86 67
33 66 33
34 21 34
35 32 51
36 75 59
37 12 67
38 47 35
39 85 40
40 31 80
41 85 32
42 27 8
43 9 49
44 32 39
45 13 19
46 21 14
47 91 5
48 47 99
49 20 86
50 28 68
51 95 12
52 57 26
53 70 18
54 64 22
55 91 23
56 62 4
57 92 37
58 81 49
59 82 72
60 35 98
61 37 100
62 90 33
63 4 30
64 60 24
65 72 15
66 9 34
67 91 90
68 89 75
69 83 63
70 52 78
71 11 97
72 1 80
73 85 22
74 20 52
75 15 23
76 82 22
77 43 9
78 18 65
79 15 54
80 18 63
81 19 17
82 61 69
83 23 67
84 23 22
85 61 85
86 28 58
87 48 80
88 86 73
89 67 59
90 78 35
91 82 4
92 72 61
93 42 41
94 79 84
95 37 20
96 42 13
97 47 51
98 21 40
99 98 26
100 9 70
101 94 82
102 93 73
103 14 96
104 87 94
105 93 85
106 83 80
107 30 87
108 50 81
109 51 45
110 35 31
111 26 61
112 45 27
113 38 6
114 7 95
115 27 69
116 26 69
117 63 76
118 26 89
119 22 30
120 45 7
121 71 23
122 67 99
123 29 33
124 94 24
125 25 68
126 34 47
127 19 84
128 8 93
129 10 67
130 100 55
131 42 47
132 55 51
133 93 52
134 14 17
135 80 29
136 58 22
137 100 46
138 29 66
139 78 5
140 73 31
141 16 90
142 45 83
143 93 74
144 50 41
145 6 16
146 80 76
147 88 97
148 79 69
149 61 71
150 39 15
151 3 66
152 53 96
153 3 94
154 43 8
155 61 26
156 27 55
157 90 94
158 79 10
159 52 38
160 22 11
161 30 58
162 57 61
163 73 75
164 24 82
165 38 64
166 78 98
167 92 70
168 60 61
169 61 91
170 98 72
171 57 41
172 65 51
173 82 52
174 5 71
175 35 23
176 6 5
177 35 46
178 75 83
179 21 89
180 60 52
181 16 68
182 84 9
183 71 36
184 30 42
185 69 43
186 30 88
187 16 95
188 52 24
189 87 80
190 50 88
191 60 55
192 99 76
193 13 72
194 39 65
195 64 75
196 85 99
197 97 49
198 51 77
199 58 87
200 68 71
201 84 47
202 6 3
203 16 82
204 41 1
205 73 31
206 40 51
207 97 69
208 82 100
209 8 85
210 99 95
211 68 60
212 85 46
213 75 29
214 87 45
215 9 19
216 61 95
217 66 76
218 78 33
219 93 12
220 17 99
221 32 86
222 100 14
223 27 25
224 19 35
225 5 67
226 39 25
227 66 22
228 81 51
229 86 15
230 26 74
231 53 49
232 1 98
233 7 58
234 17 58
235 10 86
236 100 46
237 27 23
238 95 77
239 8 48
240 52 38
241 90 66
242 1 92
243 29 25
244 27 64
245 99 78
246 59 84
247 95 67
248 62 48
249 65 18
250 45 1
251 14 36
252 98 95
253 6 90
254 59 26
255 42 32
256 29 53
257 39 83
258 38 89
259 78 82
260 73 88
261 87 6
262 89 10
263 36 66
264 68 19
265 35 64
266 38 21
267 50 73
268 50 24
269 99 31
270 93 12
271 91 35
272 10 59
273 72 81
274 73 75
275 15 75
276 99 26
277 13 5
278 37 46
279 1 19
280 37 62
281 90 31
282 49 94
283 51 57
284 28 5
285 84 20
286 25 98
287 7 29
288 17 66
289 12 80
290 39 37
291 70 41
292 46 72
293 27 91
294 75 89
295 14 34
296 47 58
297 15 20
298 52 59
299 55 18
300 55 74
301 88 23
302 54 35
303 99 3
304 36 64
305 43 36
306 17 42
307 49 26
308 65 7
309 90 67
310 65 42
311 72 85
312 22 77
313 42 76
314 100 54
315 67 4
316 76 33
317 69 57
318 57 79
319 39 91
320 88 20
321 68 71
322 1 16
323 61 93
324 92 6
325 47 64
326 1 71
327 45 39
328 64 61
329 86 26
330 39 19
331 90 36
332 38 100
333 20 69
334 65 43
335 85 15
336 12 7
337 36 100
338 41 50
339 39 37
340 15 62
341 94 51
342 13 70
343 82 68
344 84 48
345 67 27
346 70 64
347 90 77
348 85 56
349 78 12
350 84 80
351 85 72
352 45 40
353 2 83
354 28 2
355 65 34
356 41 13
357 90 3
358 71 10
359 62 13
360 90 55
361 90 39
362 85 64
363 57 53
364 11 2
365 14 79
366 8 66
367 5 1
368 27 55
369 30 80
370 4 95
371 22 37
372 16 24
373 71 96
374 43 25
375 37 65
376 53 59
377 56 74
378 11 53
379 15 71
380 57 23
381 97 96
382 64 54
383 66 74
384 77 12
385 61 58
386 75 41
387 49 9
388 47 29
389 94 39
390 40 42
391 43 64
392 37 87
393 79 47
394 18 100
395 38 20
396 32 17
397 56 60
398 70 28
399 76 43
400 73 95
401 60 75
402 57 56
403 86 66
404 80 84
405 26 87
406 65 17
407 24 75
408 79 95
409 75 12
410 42 9
411 54 27
412 7 44
413 47 47
414 27 12
415 72 28
416 15 93
417 82 1
418 80 38
419 72 93
420 33 57
421 92 4
422 43 22
423 97 99
424 58 85
425 61 80
426 97 78
427 30 1
428 77 23
429 57 1
430 26 100
431 73 26
432 74 99
433 95 11
434 100 62
435 3 46
436 24 58
437 81 6
438 73 28
439 41 89
440 75 5
441 49 72
442 59 9
443 52 36
444 66 22
445 24 19
446 35 54
447 29 98
448 32 22
449 25 31
450 51 37
451 27 90
452 84 68
453 92 22
454 99 47
455 18 96
456 8 75
457 69 46
458 40 26
459 65 48
460 47 23
461 51 68
462 98 55
463 9 50
464 98 2
465 73 43
466 32 43
467 43 66
468 23 76
469 59 77
470 28 94
471 15 71
472 20 14
473 91 61
474 22 67
475 65 42
476 35 18
477 70 52
478 44 25
479 28 15
480 12 23
481 19 76
482 41 43
483 96 77
484 90 73
485 48 94
486 89 98
487 37 26
488 2 73
489 6 65
490 77 3
491 75 86
492 31 95
493 57 78
494 80 7
495 100 100
496 16 64
497 73 43
498 64 37
499 73 87
500 61 44
501 98 80
502 11 80
503 17 42
504 78 56
505 99 40
506 41 7
507 4 59
508 4 33
509 46 12
510 59 25
511 49 55
512 29 48
513 68 10
514 76 69
515 99 79
516 9 65
517 23 11
518 31 28
519 34 16
520 89 91
521 66 94
522 21 20
523 20 1
524 43 88
525 79 9
526 98 20
527 36 8
528 29 58
529 52 84
530 1 100
531 60 43
532 92 64
533 89 33
534 89 25
535 6 9
536 94 14
537 76 83
538 62 81
539 34 53
540 81 57
541 78 21
542 43 17
543 17 34
544 27 88
545 45 6
546 94 99
547 17 49
548 71 43
549 7 9
550 45 54
551 50 42
552 66 43
553 53 87
554 40 21
555 23 8
556 53 15
557 83 30
558 33 69
559 88 26
560 42 65
561 34 70
562 83 18
563 62 86
564 37 23
565 54 4
566 44 3
567 65 89
568 65 56
569 94 72
570 86 10
571 46 34
572 20 50
573 67 98
574 32 11
575 31 65
576 20 96
577 83 49
578 60 80
579 28 37
580 81 31
581 6 38
582 98 64
583 82 59
584 56 30
585 11 11
586 94 26
587 50 62
588 37 21
589 18 71
590 53 76
591 69 80
592 21 84
593 95 14
594 67 98
595 68 44
596 14 25
597 32 37
598 95 60
599 85 70
600 79 88
601 57 10
602 30 91
603 42 34
604 52 13
605 47 40
606 4 32
607 86 83
608 74 53
609 19 56
610 43 79
611 45 34
612 77 42
613 88 19
614 76 41
615 59 82
616 42 60
617 90 81
618 24 5
619 70 77
620 59 47
621 20 45
622 19 65
623 1 48
624 98 64
625 11 66
626 1 97
627 28 56
628 77 49
629 18 68
630 8 86
631 85 30
632 21 14
633 95 54
634 66 41
635 75 1
636 89 45
637 29 27
638 32 99
639 68 78
640 88 81
641 69 63
642 47 70
643 33 17
644 13 64
645 27 92
646 2 36
647 74 100
648 87 1
649 34 93
650 34 54
651 45 96
652 93 100
653 82 29
654 14 7
655 69 76
656 51 36
657 55 9
658 61 7
659 70 65
660 56 38
661 81 88
662 39 17
663 97 58
664 20 30
665 54 69
666 1 100
667 11 64
668 39 1
669 77 34
670 25 56
671 21 7
672 60 98
673 74 67
674 20 2
675 85 60
676 39 6
677 66 17
678 81 13
679 2 9
680 96 96
681 49 12
682 21 35
683 13 94
684 55 28
685 93 72
686 14 20
687 48 42
688 6 32
689 38 35
690 100 40
691 45 6
692 65 51
693 25 1
694 73 13
695 23 88
696 65 21
697 8 40
698 5 20
699 44 68
700 23 55
701 19 77
702 93 96
703 77 21
704 7 97
705 87 51
706 60 79
707 26 100
708 75 85
709 38 41
710 83 25
711 32 59
712 57 70
713 100 63
714 32 30
715 96 86
716 2 20
717 16 97
718 49 56
719 88 78
720 98 99
721 31 49
722 54 4
723 63 47
724 78 42
725 19 72
726 79 85
727 77 84
728 36 78
729 25 90
730 82 66
731 6 86
732 36 37
733 10 100
734 37 16
735 16 98
736 41 48
737 60 10
738 19 65
739 17 9
740 29 43
741 77 8
742 90 72
743 4 95
744 93 20
745 8 57
746 73 72
747 6 57
748 63 19
749 24 98
750 85 34
751 41 60
752 11 12
753 86 27
754 27 66
755 95 33
756 8 63
757 30 9
758 7 46
759 66 69
760 13 7
761 6 13
762 83 95
763 85 91
764 75 17
765 11 40
766 79 73
767 11 62
768 50 13
769 13 41
770 44 52
771 45 8
772 21 86
773 44 81
774 23 21
775 56 54
776 70 10
777 9 51
778 9 15
779 77 80
780 76 14
781 16 17
782 19 37
783 46 42
784 63 83
785 70 3
786 62 65
787 37 79
788 70 60
789 49 32
790 52 47
791 24 34
792 77 71
793 11 36
794 5 40
795 71 89
796 28 38
797 70 11
798 53 99
799 62 39
800 24 87
801 22 90
802 74 78
803 58 22
804 54 95
805 89 39
806 50 23
807 68 31
808 7 22
809 56 100
810 80 10
811 33 13
812 34 67
813 90 15
814 81 91
815 28 21
816 100 85
817 34 20
818 89 8
819 49 87
820 29 80
821 9 34
822 6 7
823 6 30
824 82 34
825 18 64
826 5 50
827 2 88
828 94 92
829 92 30
830 38 75
831 1 77
832 85 33
833 58 4
834 46 8
835 17 73
836 100 48
837 74 30
838 50 22
839 56 79
840 67 86
841 91 26
842 85 91
843 30 19
844 64 1
845 50 5
846 94 81
847 72 78
848 65 40
849 77 89
850 12 90
851 74 27
852 54 23
853 48 49
854 40 49
855 89 94
856 44 23
857 46 33
858 7 14
859 51 26
860 59 51
861 53 71
862 73 52
863 34 47
864 63 97
865 77 63
866 66 67
867 78 15
868 46 20
869 98 84
870 25 84
871 35 3
872 58 76
873 47 83
874 30 46
875 87 52
876 85 54
877 52 13
878 4 46
879 66 50
880 7 97
881 34 44
882 22 11
883 22 58
884 84 58
885 72 22
886 5 97
887 99 83
888 12 40
889 51 59
890 12 25
891 63 33
892 27 77
893 84 95
894 29 63
895 40 14
896 63 58
897 40 42
898 60 3
899 13 85
900 50 95
901 25 61
902 36 77
903 43 2
904 36 9
905 56 45
906 4 10
907 15 13
908 84 79
909 96 79
910 79 8
911 85 53
912 32 50
913 10 88
914 67 39
915 48 43
916 49 1
917 70 12
918 69 1
919 41 55
920 1 13
921 98 96
922 46 91
923 67 45
924 28 71
925 45 44
926 32 18
927 68 62
928 16 35
929 32 41
930 63 58
931 66 43
932 14 25
933 13 5
934 80 61
935 66 17
936 34 1
937 6 38
938 55 63
939 74 89
940 50 100
941 37 67
942 75 80
943 90 58
944 34 5
945 18 56
946 67 87
947 22 91
948 27 47
949 51 7
950 74 67
951 30 27
952 92 80
953 40 24
954 23 26
955 95 28
956 68 93
957 8 45
958 54 37
959 15 26
960 3 42
961 95 48
962 48 38
963 9 74
964 82 100
965 78 42
966 46 50
967 35 60
968 92 71
969 85 22
970 19 9
971 78 43
972 42 26
973 49 66
974 52 29
975 34 58
976 97 59
977 28 74
978 15 75
979 31 82
980 18 37
981 10 42
982 58 68
983 39 17
984 98 98
985 14 43
986 3 43
987 19 35
988 50 86
989 83 23
990 97 16
991 79 81
992 45 76
993 7 71
994 56 73
995 1 26
996 68 17
997 11 97
998 27 98
999 42 29
