45544
0 99 82
1 68 88
2 54 85
3 56 93
4 52 61
5 93 18
6 86 21
7 99 44
8 91 2
9 87 96
10 96 38
11 86 2
12 89 89
13 63 4
14 59 30
15 72 31
16 59 90
17 60 86
18 99 78
19 95 100
20 57 54
21 52 52
22 59 37
23 100 82
24 77 80
25 86 12
26 62 82
27 63 99
28 56 12
29 96 65
30 70 7
31 77 19
32 70 83
33 86 52
34 69 60
35 87 37
36 54 48
37 55 99
38 88 26
39 69 16
40 61 84
41 83 14
42 85 12
43 75 72
44 65 20
45 53 66
46 53 67
47 91 95
48 80 26
49 92 26
50 54 4
51 78 48
52 74 7
53 80 84
54 68 57
55 83 8
56 67 12
57 61 40
58 52 67
59 83 98
60 77 36
61 53 29
62 73 43
63 51 57
64 93 93
65 51 53
66 51 4
67 92 36
68 89 27
69 85 42
70 86 2
71 99 87
72 78 93
73 84 60
74 95 62
75 53 27
76 86 21
77 94 21
78 89 12
79 80 72
80 86 79
81 56 32
82 86 8
83 56 12
84 56 31
85 100 37
86 62 85
87 91 10
88 75 18
89 87 72
90 62 28
91 68 32
92 78 18
93 81 33
94 86 64
95 88 3
96 57 81
97 71 66
98 87 66
99 63 17
100 60 71
101 57 94
102 81 54
103 100 65
104 50 87
105 77 81
106 64 18
107 90 75
108 61 7
109 82 35
110 95 62
111 93 60
112 95 52
113 52 10
114 89 70
115 80 60
116 61 46
117 78 93
118 88 8
119 100 17
120 97 35
121 79 42
122 72 47
123 100 59
124 68 37
125 99 99
126 60 81
127 84 7
128 57 43
129 87 22
130 58 85
131 57 39
132 88 91
133 80 94
134 67 53
135 52 42
136 70 95
137 79 17
138 95 71
139 68 84
140 51 64
141 76 5
142 78 14
143 72 58
144 97 29
145 59 75
146 52 55
147 87 86
148 79 62
149 55 51
150 59 19
151 74 58
152 76 58
153 82 48
154 69 52
155 61 85
156 89 75
157 77 31
158 61 72
159 81 9
160 61 88
161 98 77
162 80 83
163 100 99
164 95 3
165 56 58
166 57 33
167 69 26
168 91 61
169 51 86
170 91 100
171 50 94
172 83 77
173 87 77
174 54 5
175 92 59
176 70 3
177 87 27
178 98 1
179 63 19
180 98 82
181 78 90
182 86 90
183 81 3
184 100 96
185 59 78
186 66 92
187 81 57
188 80 25
189 53 54
190 72 70
191 52 44
192 54 93
193 69 23
194 78 93
195 69 75
196 70 1
197 53 46
198 72 62
199 89 53
200 100 66
201 98 66
202 54 52
203 85 94
204 68 41
205 60 74
206 74 67
207 51 59
208 81 85
209 78 80
210 85 100
211 81 57
212 79 44
213 98 95
214 88 76
215 87 29
216 62 56
217 51 42
218 61 82
219 93 36
220 89 27
221 58 50
222 72 46
223 54 72
224 77 95
225 99 26
226 97 41
227 79 42
228 85 23
229 59 55
230 87 3
231 88 47
232 90 47
233 53 34
234 51 14
235 52 12
236 52 90
237 78 53
238 67 16
239 87 86
240 96 8
241 92 90
242 62 91
243 76 80
244 83 85
245 73 81
246 52 14
247 83 25
248 52 15
249 72 63
250 81 100
251 65 17
252 79 61
253 76 70
254 60 97
255 59 59
256 80 49
257 63 81
258 58 14
259 76 17
260 72 48
261 52 9
262 92 12
263 53 57
264 72 9
265 65 54
266 72 74
267 58 45
268 92 82
269 78 69
270 61 53
271 71 28
272 99 78
273 80 1
274 67 10
275 70 92
276 85 14
277 78 23
278 90 77
279 68 42
280 94 7
281 75 37
282 90 21
283 60 92
284 54 46
285 60 50
286 99 44
287 99 97
288 53 29
289 86 86
290 70 79
291 76 99
292 63 22
293 56 20
294 89 38
295 75 49
296 74 7
297 55 40
298 82 8
299 79 20
300 67 1
301 76 93
302 57 45
303 91 47
304 100 36
305 71 34
306 80 78
307 71 13
308 62 93
309 97 26
310 74 15
311 91 22
312 87 24
313 58 90
314 73 33
315 64 89
316 50 54
317 79 42
318 90 98
319 51 79
320 83 47
321 79 23
322 82 21
323 84 85
324 63 90
325 79 81
326 50 90
327 85 56
328 63 3
329 97 19
330 100 80
331 66 61
332 63 7
333 99 17
334 62 56
335 86 91
336 54 9
337 57 25
338 58 41
339 73 69
340 76 42
341 68 4
342 98 30
343 63 50
344 52 19
345 72 27
346 64 97
347 53 57
348 68 25
349 73 25
350 50 79
351 93 62
352 54 42
353 98 25
354 89 96
355 77 15
356 59 60
357 90 83
358 100 97
359 72 89
360 78 37
361 64 57
362 67 54
363 53 54
364 98 97
365 91 56
366 100 37
367 77 19
368 93 54
369 68 50
370 64 37
371 87 60
372 60 98
373 64 41
374 82 82
375 51 1
376 70 35
377 54 71
378 88 95
379 69 6
380 100 29
381 85 76
382 77 71
383 50 64
384 58 58
385 86 18
386 75 53
387 61 4
388 63 42
389 63 98
390 60 93
391 71 27
392 63 69
393 73 94
394 95 33
395 89 17
396 97 92
397 76 73
398 94 98
399 100 49
400 92 77
401 97 77
402 58 47
403 100 91
404 66 13
405 91 34
406 86 98
407 53 7
408 72 46
409 53 85
410 71 99
411 84 33
412 65 93
413 68 100
414 63 27
415 61 60
416 88 56
417 88 66
418 63 11
419 57 86
420 56 4
421 79 59
422 72 98
423 92 76
424 59 29
425 62 47
426 72 97
427 89 85
428 62 49
429 72 52
430 65 65
431 65 41
432 94 63
433 52 1
434 92 46
435 93 71
436 56 29
437 81 1
438 75 78
439 58 27
440 61 86
441 72 98
442 77 40
443 74 1
444 83 19
445 82 6
446 58 3
447 58 18
448 73 20
449 80 51
450 87 14
451 57 28
452 94 95
453 57 51
454 58 46
455 79 81
456 67 94
457 79 45
458 62 87
459 96 41
460 75 95
461 84 2
462 61 4
463 86 84
464 85 48
465 73 66
466 90 20
467 72 15
468 87 70
469 65 38
470 71 31
471 86 88
472 96 36
473 97 5
474 86 96
475 66 29
476 96 81
477 82 16
478 52 10
479 96 63
480 72 69
481 80 10
482 93 83
483 65 71
484 70 72
485 67 59
486 83 76
487 73 41
488 77 94
489 70 100
490 97 91
491 96 90
492 53 47
493 83 51
494 71 11
495 81 85
496 87 87
497 56 43
498 76 61
499 75 38
500 95 33
501 98 13
502 57 59
503 73 65
504 51 53
505 58 41
506 91 84
507 81 13
508 66 49
509 84 24
510 98 100
511 51 85
512 86 18
513 73 6
514 53 11
515 93 40
516 70 29
517 59 21
518 77 49
519 50 94
520 69 46
521 69 61
522 94 46
523 92 37
524 66 50
525 81 39
526 61 16
527 86 56
528 90 95
529 60 38
530 52 20
531 69 36
532 100 1
533 92 54
534 90 75
535 82 34
536 64 99
537 73 74
538 86 53
539 100 51
540 72 74
541 77 32
542 87 74
543 97 42
544 68 16
545 58 11
546 90 78
547 90 2
548 71 79
549 67 23
550 69 84
551 51 24
552 73 64
553 97 33
554 65 89
555 80 26
556 81 31
557 69 23
558 67 97
559 61 52
560 54 97
561 58 25
562 60 39
563 64 69
564 94 77
565 54 60
566 89 33
567 54 10
568 71 10
569 93 100
570 79 40
571 86 5
572 67 34
573 62 35
574 93 74
575 54 15
576 55 71
577 51 21
578 92 74
579 83 82
580 59 64
581 81 34
582 55 98
583 68 51
584 100 48
585 54 15
586 59 37
587 66 41
588 73 99
589 88 47
590 86 21
591 66 23
592 62 38
593 91 22
594 83 65
595 60 37
596 68 54
597 62 8
598 95 57
599 69 40
600 72 94
601 78 63
602 62 79
603 95 14
604 91 92
605 75 94
606 67 73
607 84 13
608 74 59
609 84 62
610 78 81
611 73 93
612 100 74
613 91 60
614 91 11
615 92 70
616 70 32
617 60 34
618 63 12
619 91 31
620 89 3
621 87 91
622 97 49
623 55 48
624 55 41
625 91 41
626 81 62
627 61 49
628 62 76
629 61 65
630 90 3
631 59 91
632 58 99
633 92 98
634 56 49
635 80 47
636 54 68
637 56 82
638 61 41
639 76 86
640 87 30
641 90 31
642 64 44
643 75 71
644 67 83
645 77 56
646 78 78
647 87 66
648 55 25
649 84 36
650 85 48
651 55 81
652 81 44
653 58 93
654 72 4
655 90 65
656 100 90
657 54 99
658 59 96
659 70 37
660 92 65
661 52 41
662 62 3
663 79 21
664 79 20
665 64 81
666 53 86
667 53 99
668 89 49
669 80 70
670 78 36
671 94 28
672 94 54
673 57 65
674 88 46
675 92 91
676 83 20
677 100 7
678 67 87
679 77 64
680 64 58
681 85 15
682 85 79
683 75 21
684 51 63
685 97 17
686 92 23
687 66 33
688 92 41
689 65 45
690 78 5
691 67 55
692 58 84
693 64 82
694 57 57
695 74 43
696 50 87
697 85 87
698 59 100
699 67 4
700 57 57
701 71 56
702 53 33
703 88 63
704 83 45
705 53 65
706 66 33
707 57 85
708 75 65
709 60 1
710 77 31
711 70 50
712 52 48
713 87 44
714 67 27
715 53 73
716 82 35
717 65 4
718 89 53
719 92 64
720 98 32
721 94 86
722 57 38
723 64 31
724 91 5
725 87 75
726 96 78
727 54 28
728 95 8
729 52 49
730 59 31
731 81 26
732 87 60
733 94 23
734 91 10
735 95 25
736 98 75
737 64 2
738 91 29
739 71 76
740 93 10
741 51 27
742 64 64
743 62 51
744 62 89
745 68 49
746 89 80
747 92 92
748 82 62
749 63 18
750 74 64
751 93 37
752 99 35
753 72 95
754 86 44
755 75 47
756 60 77
757 81 51
758 52 52
759 76 73
760 51 99
761 86 46
762 52 93
763 78 47
764 51 26
765 94 69
766 85 14
767 51 67
768 88 48
769 54 20
770 94 6
771 82 26
772 81 73
773 85 72
774 59 60
775 99 59
776 99 48
777 91 11
778 70 52
779 83 5
780 69 24
781 52 98
782 64 92
783 94 77
784 54 79
785 53 88
786 95 9
787 69 47
788 51 15
789 75 67
790 65 99
791 64 32
792 84 16
793 97 25
794 93 88
795 87 37
796 53 94
797 88 98
798 67 3
799 65 52
800 64 12
801 96 98
802 87 89
803 62 19
804 98 100
805 51 80
806 61 10
807 70 74
808 63 4
809 65 25
810 99 53
811 58 76
812 91 42
813 79 93
814 91 86
815 90 87
816 85 24
817 82 52
818 62 5
819 54 49
820 87 84
821 63 57
822 65 13
823 95 14
824 60 98
825 79 85
826 65 34
827 81 78
828 96 8
829 57 11
830 91 44
831 60 97
832 99 19
833 50 62
834 58 65
835 65 52
836 97 94
837 59 68
838 95 34
839 87 54
840 67 82
841 63 88
842 78 81
843 74 62
844 79 98
845 71 71
846 75 69
847 93 13
848 96 4
849 71 80
850 69 93
851 78 27
852 60 44
853 59 82
854 93 85
855 62 10
856 54 41
857 94 71
858 100 31
859 81 64
860 69 19
861 67 60
862 54 79
863 70 20
864 72 9
865 83 55
866 77 48
867 98 51
868 63 66
869 93 78
870 67 68
871 55 69
872 56 29
873 52 17
874 67 75
875 92 36
876 60 34
877 97 83
878 89 56
879 62 2
880 72 60
881 89 14
882 54 97
883 66 56
884 70 73
885 66 60
886 68 45
887 82 3
888 86 4
889 86 2
890 82 89
891 77 43
892 66 54
893 58 81
894 76 10
895 69 20
896 91 66
897 63 35
898 68 4
899 95 84
900 54 65
901 78 46
902 79 35
903 62 66
904 100 94
905 73 88
906 52 60
907 57 50
908 94 88
909 70 56
910 83 10
911 57 17
912 79 29
913 87 99
914 96 57
915 89 84
916 80 65
917 73 20
918 52 27
919 51 29
920 78 28
921 72 61
922 54 36
923 86 11
924 62 70
925 88 8
926 75 85
927 73 13
928 90 74
929 51 33
930 51 89
931 64 19
932 78 6
933 76 9
934 62 1
935 69 37
936 56 44
937 78 27
938 66 46
939 89 37
940 63 39
941 61 87
942 64 25
943 82 3
944 61 81
945 89 27
946 79 99
947 93 31
948 68 29
949 69 24
950 55 82
951 80 99
952 60 41
953 85 48
954 96 46
955 81 54
956 77 45
957 77 88
958 91 17
959 68 64
960 100 4
961 79 45
962 54 97
963 58 85
964 94 90
965 53 15
966 61 18
967 63 21
968 70 24
969 54 94
970 98 12
971 62 77
972 50 32
973 64 56
974 87 73
975 77 11
976 86 93
977 51 13
978 68 32
979 79 46
980 91 83
981 58 15
982 67 58
983 78 41
984 84 15
985 55 66
986 78 70
987 50 48
988 96 44
989 96 7
990 53 6
991 71 89
992 73 23
993 60 80
994 90 80
995 92 10
996 86 47
997 54 45
998 55 28
999 94 52
1000 71 18
1001 99 40
1002 57 85
1003 71 57
1004 85 62
1005 72 25
1006 80 54
1007 96 15
1008 65 12
1009 69 22
1010 59 89
1011 93 4
1012 55 42
1013 56 95
1014 98 94
1015 75 71
1016 82 87
1017 80 76
1018 58 65
1019 100 54
1020 75 24
1021 50 72
1022 56 93
1023 99 2
1024 75 69
1025 93 55
1026 86 52
1027 89 97
1028 52 57
1029 95 52
1030 60 34
1031 56 5
1032 70 86
1033 56 20
1034 65 72
1035 79 94
1036 90 95
1037 70 74
1038 78 64
1039 67 80
1040 61 47
1041 74 8
1042 91 52
1043 80 10
1044 89 35
1045 53 18
1046 81 16
1047 93 76
1048 72 28
1049 90 67
1050 78 15
1051 67 55
1052 83 1
1053 91 17
1054 87 54
1055 73 2
1056 99 38
1057 90 2
1058 55 31
1059 91 7
1060 52 19
1061 74 86
1062 88 14
1063 73 30
1064 85 62
1065 85 39
1066 100 61
1067 70 41
1068 71 38
1069 95 12
1070 62 68
1071 58 19
1072 92 8
1073 82 58
1074 50 15
1075 74 42
1076 61 39
1077 77 59
1078 63 22
1079 88 33
1080 51 20
1081 66 85
1082 55 68
1083 85 77
1084 69 34
1085 83 74
1086 92 80
1087 56 37
1088 56 52
1089 78 95
1090 88 100
1091 61 67
1092 79 68
1093 80 80
1094 86 81
1095 79 27
1096 60 99
1097 80 7
1098 99 65
1099 94 50
1100 90 84
1101 88 43
1102 64 39
1103 63 72
1104 100 15
1105 74 44
1106 68 67
1107 65 39
1108 79 24
1109 52 92
1110 75 53
1111 82 8
1112 63 53
1113 71 85
1114 66 86
1115 97 99
1116 67 87
1117 93 98
1118 84 79
1119 96 49
1120 77 28
1121 55 87
1122 69 14
1123 55 32
1124 83 78
1125 70 20
1126 51 24
1127 95 92
1128 56 28
1129 70 49
1130 54 42
1131 83 38
1132 90 67
1133 68 26
1134 90 92
1135 76 24
1136 88 27
1137 77 9
1138 59 85
1139 63 56
1140 73 12
1141 73 43
1142 87 49
1143 92 38
1144 96 88
1145 86 62
1146 52 71
1147 96 45
1148 95 81
1149 70 71
1150 82 7
1151 69 50
1152 57 11
1153 71 62
1154 70 15
1155 89 77
1156 78 99
1157 54 44
1158 98 4
1159 63 14
1160 71 6
1161 63 21
1162 95 64
1163 60 90
1164 50 54
1165 54 86
1166 84 99
1167 53 31
1168 72 19
1169 95 23
1170 84 37
1171 57 97
1172 72 45
1173 60 19
1174 65 57
1175 63 79
1176 93 95
1177 87 1
1178 50 78
1179 95 67
1180 88 100
1181 73 68
1182 57 25
1183 99 71
1184 93 3
1185 88 88
1186 64 30
1187 56 75
1188 91 34
1189 66 25
1190 90 13
1191 94 85
1192 58 94
1193 100 11
1194 52 23
1195 78 36
1196 98 82
1197 73 15
1198 82 44
1199 73 3
1200 75 26
1201 89 65
1202 77 10
1203 86 43
1204 73 41
1205 58 95
1206 89 23
1207 78 4
1208 72 66
1209 84 33
1210 64 2
1211 100 44
1212 58 34
1213 99 83
1214 82 12
1215 58 10
1216 78 59
1217 93 55
1218 90 14
1219 53 8
1220 99 91
1221 87 1
1222 50 81
1223 50 14
1224 61 67
1225 94 31
1226 58 56
1227 75 92
1228 50 27
1229 79 21
1230 74 78
1231 56 99
1232 65 31
1233 64 69
1234 62 72
1235 60 36
1236 62 55
1237 88 80
1238 57 92
1239 53 44
1240 87 84
1241 91 12
1242 59 45
1243 58 68
1244 80 83
1245 94 100
1246 87 91
1247 54 23
1248 99 31
1249 98 50
1250 60 46
1251 53 83
1252 83 32
1253 65 53
1254 67 69
1255 96 5
1256 84 13
1257 61 46
1258 62 67
1259 50 92
1260 77 58
1261 63 73
1262 81 60
1263 68 5
1264 96 23
1265 52 4
1266 93 53
1267 93 81
1268 97 78
1269 84 38
1270 65 83
1271 94 61
1272 80 98
1273 82 25
1274 89 18
1275 70 51
1276 56 51
1277 99 14
1278 76 19
1279 53 20
1280 74 5
1281 68 38
1282 71 53
1283 97 41
1284 86 48
1285 85 43
1286 57 81
1287 90 99
1288 80 35
1289 55 15
1290 75 32
1291 80 6
1292 67 35
1293 67 27
1294 76 77
1295 51 27
1296 59 62
1297 73 6
1298 69 50
1299 89 71
1300 78 71
1301 96 14
1302 54 57
1303 79 69
1304 73 1
1305 83 85
1306 85 89
1307 80 81
1308 61 5
1309 51 82
1310 70 25
1311 90 13
1312 50 93
1313 85 34
1314 51 45
1315 91 41
1316 65 41
1317 82 89
1318 75 41
1319 71 14
1320 79 98
1321 69 21
1322 57 91
1323 66 81
1324 54 15
1325 81 50
1326 75 13
1327 52 37
1328 87 80
1329 70 84
1330 91 63
1331 67 4
1332 94 56
1333 75 3
1334 98 9
1335 52 87
1336 77 17
1337 50 98
1338 91 94
1339 88 17
1340 57 51
1341 66 58
1342 100 76
1343 66 91
1344 52 91
1345 69 73
1346 55 46
1347 76 42
1348 60 88
1349 53 17
1350 98 50
1351 97 79
1352 76 59
1353 88 72
1354 96 88
1355 53 42
1356 81 67
1357 95 11
1358 72 73
1359 66 77
1360 67 17
1361 92 81
1362 69 51
1363 88 68
1364 68 23
1365 55 72
1366 90 70
1367 90 53
1368 60 55
1369 88 63
1370 51 99
1371 52 85
1372 69 31
1373 76 84
1374 69 43
1375 51 75
1376 78 85
1377 86 55
1378 64 14
1379 53 77
1380 100 52
1381 68 82
1382 100 74
1383 76 83
1384 61 40
1385 92 65
1386 75 38
1387 60 44
1388 78 35
1389 100 72
1390 69 59
1391 83 12
1392 51 90
1393 54 73
1394 90 48
1395 92 54
1396 57 9
1397 91 40
1398 69 8
1399 92 3
1400 93 71
1401 87 78
1402 57 32
1403 97 49
1404 90 5
1405 89 2
1406 84 28
1407 89 18
1408 95 21
1409 62 30
1410 85 63
1411 60 69
1412 67 4
1413 82 69
1414 88 18
1415 66 10
1416 63 20
1417 99 59
1418 72 61
1419 97 76
1420 97 19
1421 70 61
1422 82 42
1423 51 99
1424 79 27
1425 98 51
1426 91 71
1427 51 65
1428 96 39
1429 60 76
1430 64 10
1431 74 85
1432 90 6
1433 76 12
1434 97 62
1435 50 79
1436 52 16
1437 77 42
1438 89 91
1439 77 70
1440 68 32
1441 90 46
1442 61 76
1443 50 33
1444 94 19
1445 85 60
1446 56 95
1447 99 37
1448 99 55
1449 86 76
1450 91 20
1451 66 4
1452 53 55
1453 85 63
1454 50 44
1455 80 58
1456 84 35
1457 73 67
1458 76 15
1459 87 65
1460 50 79
1461 86 64
1462 87 24
1463 51 88
1464 89 56
1465 59 1
1466 78 27
1467 94 25
1468 81 99
1469 98 17
1470 94 17
1471 86 34
1472 77 14
1473 83 42
1474 88 100
1475 67 58
1476 91 38
1477 66 57
1478 86 45
1479 76 1
1480 54 37
1481 53 68
1482 80 97
1483 86 91
1484 77 37
1485 82 65
1486 79 54
1487 86 82
1488 57 15
1489 93 21
1490 58 79
1491 83 37
1492 90 87
1493 50 85
1494 81 2
1495 61 57
1496 95 93
1497 73 62
1498 78 50
1499 72 45
1500 77 52
1501 94 48
1502 99 27
1503 96 57
1504 88 26
1505 84 30
1506 87 15
1507 61 40
1508 79 93
1509 91 10
1510 82 62
1511 62 49
1512 82 58
1513 62 20
1514 57 100
1515 80 73
1516 56 10
1517 78 40
1518 70 22
1519 85 90
1520 62 81
1521 58 25
1522 77 98
1523 77 1
1524 100 71
1525 67 18
1526 54 23
1527 73 100
1528 64 72
1529 99 16
1530 89 78
1531 98 61
1532 86 32
1533 84 59
1534 100 17
1535 96 31
1536 76 54
1537 84 96
1538 87 64
1539 97 99
1540 99 70
1541 89 49
1542 94 67
1543 54 66
1544 60 40
1545 52 41
1546 59 31
1547 82 94
1548 67 99
1549 57 15
1550 99 60
1551 64 55
1552 86 100
1553 90 51
1554 86 74
1555 61 69
1556 58 58
1557 74 80
1558 94 64
1559 63 82
1560 87 40
1561 100 95
1562 59 75
1563 87 16
1564 91 91
1565 64 42
1566 83 49
1567 86 31
1568 53 43
1569 100 99
1570 87 10
1571 61 62
1572 56 13
1573 64 9
1574 55 67
1575 56 71
1576 96 30
1577 97 14
1578 91 68
1579 55 23
1580 93 31
1581 56 7
1582 81 9
1583 100 15
1584 65 70
1585 62 58
1586 95 20
1587 65 73
1588 57 69
1589 60 7
1590 68 83
1591 65 6
1592 68 9
1593 58 44
1594 55 66
1595 53 67
1596 82 77
1597 60 16
1598 52 82
1599 90 13
1600 55 43
1601 94 8
1602 92 21
1603 62 39
1604 100 89
1605 82 53
1606 99 90
1607 78 20
1608 69 26
1609 85 89
1610 88 68
1611 61 98
1612 53 30
1613 84 8
1614 84 84
1615 84 80
1616 73 36
1617 65 85
1618 97 15
1619 91 11
1620 57 29
1621 86 75
1622 58 83
1623 63 4
1624 95 75
1625 50 57
1626 98 69
1627 82 32
1628 55 14
1629 92 3
1630 65 69
1631 51 31
1632 84 66
1633 69 42
1634 94 55
1635 64 12
1636 97 52
1637 97 32
1638 68 93
1639 89 96
1640 50 56
1641 54 35
1642 78 95
1643 63 69
1644 63 50
1645 62 53
1646 59 7
1647 84 14
1648 62 29
1649 76 7
1650 72 59
1651 58 8
1652 55 78
1653 78 61
1654 52 94
1655 90 9
1656 63 96
1657 93 32
1658 52 58
1659 98 93
1660 61 6
1661 51 69
1662 61 4
1663 53 82
1664 95 69
1665 59 89
1666 50 46
1667 64 90
1668 96 20
1669 85 54
1670 67 13
1671 52 28
1672 86 37
1673 76 35
1674 74 65
1675 54 51
1676 55 31
1677 56 85
1678 62 3
1679 68 72
1680 97 18
1681 89 97
1682 82 43
1683 75 90
1684 55 96
1685 51 59
1686 60 5
1687 96 25
1688 95 58
1689 71 25
1690 77 27
1691 76 94
1692 87 35
1693 77 2
1694 96 68
1695 84 56
1696 95 79
1697 72 5
1698 87 43
1699 92 98
1700 84 41
1701 68 92
1702 67 61
1703 98 89
1704 63 1
1705 92 22
1706 62 60
1707 61 25
1708 95 27
1709 98 31
1710 90 36
1711 89 97
1712 74 35
1713 58 6
1714 72 2
1715 52 65
1716 61 40
1717 52 42
1718 78 68
1719 87 65
1720 83 12
1721 56 87
1722 90 14
1723 56 38
1724 96 67
1725 91 20
1726 68 49
1727 93 87
1728 76 25
1729 77 50
1730 93 36
1731 87 82
1732 81 53
1733 77 42
1734 71 63
1735 80 37
1736 68 23
1737 56 51
1738 71 66
1739 94 44
1740 85 91
1741 73 43
1742 69 66
1743 61 73
1744 74 80
1745 63 88
1746 53 48
1747 64 67
1748 53 85
1749 60 7
1750 91 12
1751 82 4
1752 66 41
1753 60 92
1754 58 99
1755 82 55
1756 82 92
1757 67 55
1758 94 29
1759 66 30
1760 95 82
1761 80 27
1762 68 18
1763 83 96
1764 53 8
1765 62 66
1766 56 33
1767 73 34
1768 83 73
1769 63 85
1770 51 82
1771 72 15
1772 85 83
1773 95 74
1774 68 68
1775 71 51
1776 56 63
1777 89 48
1778 75 54
1779 84 31
1780 84 52
1781 52 87
1782 67 83
1783 99 27
1784 61 80
1785 88 63
1786 66 55
1787 98 91
1788 58 79
1789 82 1
1790 78 77
1791 76 87
1792 54 68
1793 62 78
1794 54 86
1795 66 44
1796 75 8
1797 100 67
1798 65 66
1799 96 38
1800 82 1
1801 59 21
1802 100 41
1803 57 43
1804 99 19
1805 88 99
1806 63 67
1807 53 68
1808 94 19
1809 51 58
1810 66 27
1811 95 97
1812 61 4
1813 91 79
1814 70 25
1815 93 15
1816 72 7
1817 62 25
1818 59 63
1819 57 26
1820 96 94
1821 64 56
1822 75 25
1823 83 34
1824 92 78
1825 74 21
1826 99 17
1827 78 44
1828 94 84
1829 95 33
1830 83 62
1831 91 61
1832 60 56
1833 60 18
1834 60 45
1835 68 80
1836 91 72
1837 97 75
1838 77 47
1839 90 5
1840 99 31
1841 72 40
1842 64 33
1843 81 46
1844 62 43
1845 88 6
1846 64 2
1847 71 33
1848 75 26
1849 90 71
1850 50 78
1851 68 39
1852 64 1
1853 91 58
1854 61 43
1855 63 16
1856 79 61
1857 89 2
1858 71 91
1859 57 93
1860 91 39
1861 97 68
1862 100 38
1863 97 4
1864 74 84
1865 96 17
1866 89 72
1867 99 85
1868 50 33
1869 54 97
1870 99 97
1871 54 76
1872 82 97
1873 61 16
1874 66 69
1875 72 54
1876 93 99
1877 81 76
1878 79 25
1879 68 52
1880 69 91
1881 81 88
1882 71 75
1883 99 83
1884 65 71
1885 56 79
1886 86 62
1887 88 10
1888 69 48
1889 64 66
1890 59 93
1891 80 45
1892 89 16
1893 99 80
1894 77 82
1895 88 45
1896 64 29
1897 55 33
1898 84 30
1899 94 40
1900 94 6
1901 98 47
1902 56 68
1903 71 38
1904 74 26
1905 76 51
1906 79 62
1907 71 89
1908 82 31
1909 94 85
1910 52 42
1911 99 24
1912 58 86
1913 92 61
1914 79 87
1915 85 46
1916 63 79
1917 73 56
1918 82 67
1919 52 48
1920 92 45
1921 95 99
1922 89 65
1923 87 70
1924 96 40
1925 90 58
1926 75 47
1927 94 84
1928 83 21
1929 67 73
1930 81 85
1931 98 4
1932 75 89
1933 53 65
1934 77 4
1935 79 81
1936 96 24
1937 67 8
1938 73 52
1939 63 49
1940 54 42
1941 68 75
1942 89 31
1943 53 58
1944 77 60
1945 51 34
1946 61 83
1947 64 83
1948 88 14
1949 69 21
1950 63 9
1951 85 92
1952 62 21
1953 75 69
1954 97 14
1955 82 4
1956 82 23
1957 82 9
1958 55 3
1959 98 65
1960 99 72
1961 68 33
1962 96 12
1963 60 2
1964 87 10
1965 91 8
1966 73 99
1967 57 76
1968 61 31
1969 96 11
1970 74 75
1971 93 86
1972 91 87
1973 82 88
1974 97 21
1975 57 58
1976 94 60
1977 92 60
1978 79 13
1979 86 77
1980 79 60
1981 72 66
1982 54 74
1983 87 77
1984 68 96
1985 91 70
1986 60 40
1987 58 96
1988 76 40
1989 64 8
1990 53 67
1991 50 95
1992 78 82
1993 87 60
1994 92 75
1995 86 36
1996 83 22
1997 90 9
1998 94 91
1999 62 88
2000 77 77
2001 84 92
2002 58 30
2003 63 53
2004 75 88
2005 54 94
2006 72 70
2007 64 15
2008 87 47
2009 77 75
2010 75 19
2011 54 69
2012 63 6
2013 66 40
2014 74 9
2015 56 19
2016 69 19
2017 81 18
2018 76 9
2019 76 16
2020 91 67
2021 98 48
2022 78 82
2023 62 44
2024 86 63
2025 73 12
2026 86 42
2027 60 94
2028 77 84
2029 70 79
2030 84 86
2031 89 54
2032 95 61
2033 81 34
2034 100 47
2035 64 59
2036 58 85
2037 73 94
2038 67 38
2039 96 72
2040 95 84
2041 76 75
2042 88 14
2043 70 67
2044 64 43
2045 54 5
2046 88 5
2047 62 41
2048 75 17
2049 73 77
2050 89 23
2051 63 38
2052 92 63
2053 95 91
2054 85 22
2055 51 29
2056 82 77
2057 78 47
2058 88 46
2059 90 78
2060 85 50
2061 92 16
2062 93 44
2063 63 78
2064 90 14
2065 60 55
2066 66 21
2067 57 94
2068 73 30
2069 76 85
2070 79 61
2071 53 22
2072 56 93
2073 58 1
2074 87 50
2075 65 85
2076 78 46
2077 58 44
2078 62 16
2079 73 44
2080 78 75
2081 83 94
2082 60 4
2083 99 37
2084 57 54
2085 64 7
2086 75 64
2087 99 57
2088 76 7
2089 72 54
2090 84 52
2091 78 61
2092 79 40
2093 100 59
2094 53 7
2095 79 93
2096 55 93
2097 74 7
2098 89 18
2099 63 33
2100 96 14
2101 75 61
2102 93 83
2103 57 72
2104 55 19
2105 52 1
2106 94 54
2107 56 86
2108 71 37
2109 99 72
2110 70 79
2111 66 27
2112 93 17
2113 66 45
2114 65 11
2115 55 11
2116 81 65
2117 50 47
2118 73 13
2119 73 1
2120 84 34
2121 91 69
2122 75 5
2123 99 93
2124 61 47
2125 68 93
2126 85 1
2127 72 47
2128 99 3
2129 95 83
2130 91 97
2131 87 60
2132 68 21
2133 85 87
2134 81 5
2135 59 44
2136 56 20
2137 88 85
2138 84 88
2139 69 61
2140 79 71
2141 84 54
2142 57 84
2143 72 55
2144 65 14
2145 78 46
2146 60 68
2147 85 24
2148 50 3
2149 55 20
2150 50 10
2151 76 68
2152 91 16
2153 82 21
2154 60 67
2155 77 83
2156 74 70
2157 100 29
2158 82 75
2159 100 9
2160 83 96
2161 97 23
2162 83 82
2163 98 10
2164 78 68
2165 91 25
2166 77 36
2167 90 73
2168 92 75
2169 97 98
2170 99 47
2171 58 35
2172 87 45
2173 98 67
2174 96 38
2175 77 49
2176 51 61
2177 95 82
2178 57 50
2179 70 36
2180 64 13
2181 65 95
2182 60 82
2183 79 27
2184 69 15
2185 94 86
2186 95 41
2187 71 54
2188 52 47
2189 58 63
2190 89 51
2191 92 16
2192 91 52
2193 75 79
2194 93 36
2195 90 31
2196 51 62
2197 54 71
2198 82 35
2199 61 82
2200 74 80
2201 70 96
2202 69 39
2203 60 72
2204 55 33
2205 53 39
2206 93 14
2207 95 47
2208 88 84
2209 85 37
2210 56 49
2211 57 23
2212 75 99
2213 82 15
2214 97 31
2215 75 10
2216 99 45
2217 98 16
2218 88 2
2219 52 53
2220 94 49
2221 54 83
2222 73 80
2223 54 39
2224 74 19
2225 88 37
2226 63 15
2227 93 39
2228 63 31
2229 55 42
2230 75 56
2231 86 32
2232 50 28
2233 98 23
2234 82 12
2235 66 93
2236 86 48
2237 70 93
2238 65 15
2239 96 11
2240 67 32
2241 64 64
2242 100 15
2243 60 86
2244 91 74
2245 84 50
2246 87 37
2247 93 22
2248 86 17
2249 52 48
2250 70 70
2251 54 22
2252 60 76
2253 75 72
2254 77 88
2255 94 44
2256 93 63
2257 53 45
2258 50 99
2259 69 10
2260 56 34
2261 73 93
2262 86 76
2263 82 97
2264 63 72
2265 85 92
2266 60 83
2267 74 77
2268 67 29
2269 54 92
2270 88 39
2271 69 78
2272 66 91
2273 54 52
2274 50 45
2275 62 71
2276 59 96
2277 74 35
2278 67 17
2279 60 81
2280 64 83
2281 53 81
2282 75 99
2283 76 95
2284 91 47
2285 62 30
2286 84 59
2287 66 96
2288 99 97
2289 100 53
2290 81 89
2291 60 36
2292 96 61
2293 91 12
2294 61 98
2295 90 81
2296 61 70
2297 98 98
2298 54 95
2299 65 75
2300 50 44
2301 74 90
2302 86 97
2303 66 100
2304 99 43
2305 72 56
2306 56 73
2307 100 68
2308 57 81
2309 87 10
2310 68 68
2311 55 17
2312 78 64
2313 70 33
2314 90 73
2315 66 69
2316 66 29
2317 58 92
2318 73 28
2319 85 1
2320 100 49
2321 77 7
2322 92 97
2323 96 45
2324 64 100
2325 97 79
2326 83 12
2327 77 10
2328 99 22
2329 78 13
2330 86 40
2331 59 50
2332 93 48
2333 50 5
2334 87 93
2335 69 34
2336 94 52
2337 85 98
2338 100 76
2339 53 94
2340 59 47
2341 97 60
2342 92 18
2343 62 80
2344 61 61
2345 65 9
2346 97 37
2347 52 67
2348 73 85
2349 81 97
2350 97 28
2351 52 10
2352 67 96
2353 70 95
2354 50 11
2355 55 46
2356 95 65
2357 78 26
2358 58 72
2359 50 5
2360 99 66
2361 97 47
2362 92 69
2363 84 6
2364 63 68
2365 72 44
2366 68 82
2367 54 10
2368 99 92
2369 52 41
2370 58 11
2371 76 65
2372 56 27
2373 54 30
2374 57 58
2375 97 64
2376 61 24
2377 88 70
2378 53 60
2379 93 98
2380 91 64
2381 95 18
2382 85 29
2383 61 68
2384 87 58
2385 54 6
2386 86 13
2387 100 88
2388 53 97
2389 89 50
2390 65 69
2391 52 11
2392 52 5
2393 91 18
2394 67 54
2395 50 97
2396 94 59
2397 76 12
2398 68 50
2399 56 8
2400 56 28
2401 93 88
2402 51 60
2403 87 53
2404 88 32
2405 71 88
2406 72 37
2407 84 92
2408 100 38
2409 50 32
2410 54 13
2411 87 80
2412 76 14
2413 56 38
2414 52 70
2415 56 14
2416 100 39
2417 50 64
2418 82 84
2419 56 66
2420 86 75
2421 65 37
2422 87 7
2423 72 36
2424 98 86
2425 68 93
2426 89 3
2427 70 56
2428 61 54
2429 61 56
2430 76 4
2431 74 89
2432 73 57
2433 52 73
2434 78 46
2435 65 66
2436 98 67
2437 74 21
2438 67 39
2439 89 5
2440 65 68
2441 59 30
2442 99 7
2443 51 80
2444 55 75
2445 51 91
2446 93 61
2447 76 32
2448 100 91
2449 73 20
2450 74 31
2451 53 93
2452 82 4
2453 82 81
2454 85 34
2455 74 13
2456 76 78
2457 60 14
2458 55 41
2459 73 51
2460 84 42
2461 80 62
2462 64 57
2463 81 24
2464 73 9
2465 72 14
2466 73 92
2467 98 93
2468 81 91
2469 93 62
2470 50 65
2471 95 90
2472 99 7
2473 77 14
2474 59 13
2475 99 21
2476 53 22
2477 70 47
2478 97 20
2479 60 40
2480 51 84
2481 87 65
2482 50 21
2483 90 77
2484 99 48
2485 81 23
2486 79 41
2487 66 90
2488 54 28
2489 62 94
2490 51 1
2491 83 33
2492 63 100
2493 57 85
2494 86 7
2495 75 3
2496 53 65
2497 68 43
2498 87 63
2499 72 24
2500 75 13
2501 56 26
2502 73 90
2503 59 23
2504 56 82
2505 94 17
2506 65 85
2507 86 69
2508 71 74
2509 90 92
2510 62 68
2511 86 61
2512 81 21
2513 87 94
2514 88 60
2515 50 93
2516 78 58
2517 72 72
2518 53 77
2519 54 96
2520 66 31
2521 54 11
2522 68 19
2523 55 14
2524 77 46
2525 62 84
2526 78 39
2527 91 37
2528 50 77
2529 96 46
2530 100 7
2531 86 57
2532 61 13
2533 53 67
2534 62 16
2535 90 80
2536 72 10
2537 60 79
2538 93 19
2539 78 59
2540 80 42
2541 75 89
2542 59 66
2543 54 35
2544 80 29
2545 84 88
2546 56 32
2547 55 32
2548 60 88
2549 81 76
2550 67 90
2551 84 16
2552 96 86
2553 53 9
2554 65 16
2555 96 11
2556 89 15
2557 51 77
2558 69 88
2559 54 68
2560 77 78
2561 60 33
2562 91 15
2563 65 29
2564 57 98
2565 60 2
2566 96 68
2567 75 28
2568 59 20
2569 50 18
2570 72 70
2571 75 72
2572 57 30
2573 68 88
2574 52 46
2575 60 4
2576 63 31
2577 84 8
2578 57 100
2579 66 39
2580 64 40
2581 94 79
2582 87 100
2583 65 28
2584 76 94
2585 71 29
2586 81 13
2587 74 91
2588 92 74
2589 79 89
2590 78 77
2591 92 7
2592 65 90
2593 55 97
2594 61 46
2595 79 30
2596 64 78
2597 72 29
2598 50 70
2599 52 82
2600 58 83
2601 77 73
2602 64 38
2603 90 6
2604 77 29
2605 51 25
2606 80 74
2607 68 38
2608 98 61
2609 86 73
2610 94 42
2611 71 98
2612 95 30
2613 70 11
2614 100 61
2615 78 26
2616 81 94
2617 90 94
2618 96 19
2619 53 83
2620 61 99
2621 97 88
2622 97 96
2623 85 90
2624 69 34
2625 56 36
2626 68 38
2627 68 22
2628 76 76
2629 57 80
2630 75 51
2631 73 76
2632 97 28
2633 71 100
2634 77 11
2635 54 77
2636 99 26
2637 62 54
2638 93 85
2639 72 95
2640 64 63
2641 69 92
2642 62 53
2643 65 94
2644 68 21
2645 61 92
2646 52 18
2647 80 1
2648 52 73
2649 75 24
2650 97 78
2651 54 7
2652 90 82
2653 73 93
2654 75 1
2655 64 3
2656 51 64
2657 70 83
2658 81 45
2659 56 55
2660 97 40
2661 92 28
2662 97 30
2663 62 67
2664 73 52
2665 54 13
2666 52 18
2667 99 34
2668 92 73
2669 90 30
2670 78 30
2671 50 50
2672 64 60
2673 84 52
2674 55 4
2675 88 54
2676 54 62
2677 54 77
2678 85 87
2679 52 61
2680 81 16
2681 55 88
2682 75 50
2683 91 85
2684 87 58
2685 90 92
2686 84 36
2687 74 53
2688 63 27
2689 96 17
2690 84 35
2691 52 70
2692 98 33
2693 80 59
2694 54 94
2695 94 83
2696 81 17
2697 52 59
2698 93 31
2699 95 46
2700 61 69
2701 66 99
2702 71 21
2703 70 5
2704 75 48
2705 96 70
2706 98 21
2707 78 71
2708 69 13
2709 63 90
2710 68 56
2711 71 93
2712 95 37
2713 76 98
2714 60 92
2715 65 97
2716 100 54
2717 92 75
2718 66 69
2719 90 6
2720 62 97
2721 90 16
2722 95 62
2723 76 91
2724 50 30
2725 62 32
2726 63 50
2727 67 64
2728 74 85
2729 58 57
2730 67 35
2731 69 67
2732 88 30
2733 53 28
2734 52 2
2735 98 66
2736 66 23
2737 63 12
2738 52 71
2739 82 62
2740 71 18
2741 54 47
2742 62 70
2743 77 87
2744 70 53
2745 73 87
2746 59 28
2747 82 77
2748 59 22
2749 53 84
2750 74 83
2751 90 9
2752 89 69
2753 51 42
2754 53 17
2755 67 20
2756 55 79
2757 76 79
2758 66 39
2759 58 47
2760 77 92
2761 65 4
2762 56 15
2763 53 69
2764 79 40
2765 61 44
2766 69 9
2767 70 95
2768 89 92
2769 74 98
2770 56 6
2771 62 23
2772 90 45
2773 78 14
2774 57 83
2775 99 9
2776 82 10
2777 60 26
2778 62 16
2779 52 82
2780 52 91
2781 97 80
2782 59 3
2783 76 12
2784 97 13
2785 71 36
2786 82 15
2787 72 47
2788 87 95
2789 75 30
2790 99 49
2791 91 11
2792 62 61
2793 64 45
2794 88 72
2795 87 18
2796 92 34
2797 80 29
2798 75 37
2799 88 7
2800 100 55
2801 60 15
2802 75 96
2803 93 25
2804 57 25
2805 50 59
2806 94 61
2807 96 85
2808 63 32
2809 70 13
2810 97 48
2811 82 60
2812 78 93
2813 60 91
2814 84 60
2815 83 28
2816 52 4
2817 75 52
2818 71 82
2819 56 4
2820 50 5
2821 89 68
2822 84 78
2823 71 90
2824 83 14
2825 90 79
2826 77 97
2827 69 90
2828 63 36
2829 59 57
2830 93 2
2831 76 43
2832 58 81
2833 67 6
2834 55 83
2835 75 68
2836 62 29
2837 71 96
2838 82 46
2839 97 52
2840 70 88
2841 74 73
2842 78 97
2843 52 50
2844 94 52
2845 68 40
2846 57 71
2847 63 33
2848 54 43
2849 99 15
2850 58 11
2851 83 4
2852 75 26
2853 93 66
2854 94 42
2855 99 17
2856 84 4
2857 51 76
2858 99 8
2859 91 86
2860 94 93
2861 90 3
2862 77 25
2863 51 83
2864 67 53
2865 61 51
2866 91 33
2867 59 81
2868 97 24
2869 51 79
2870 63 18
2871 54 54
2872 88 29
2873 69 25
2874 63 35
2875 82 89
2876 59 33
2877 61 76
2878 85 97
2879 54 22
2880 77 23
2881 94 34
2882 73 53
2883 65 40
2884 81 6
2885 69 29
2886 86 16
2887 56 27
2888 61 75
2889 93 2
2890 50 8
2891 52 3
2892 82 12
2893 86 66
2894 78 87
2895 61 2
2896 55 77
2897 66 7
2898 70 6
2899 61 30
2900 95 63
2901 54 32
2902 56 30
2903 58 25
2904 75 54
2905 80 86
2906 94 27
2907 99 6
2908 95 15
2909 87 26
2910 71 60
2911 84 95
2912 69 21
2913 86 44
2914 84 54
2915 90 24
2916 52 61
2917 94 23
2918 80 39
2919 93 85
2920 89 48
2921 89 65
2922 77 64
2923 91 29
2924 75 29
2925 58 86
2926 74 64
2927 62 6
2928 58 39
2929 78 40
2930 56 23
2931 92 75
2932 99 24
2933 78 10
2934 57 28
2935 72 85
2936 65 29
2937 80 90
2938 76 60
2939 58 78
2940 76 92
2941 53 55
2942 91 98
2943 88 93
2944 99 66
2945 55 42
2946 68 42
2947 96 47
2948 96 67
2949 67 66
2950 55 96
2951 58 53
2952 52 83
2953 100 61
2954 94 38
2955 97 35
2956 82 31
2957 63 40
2958 90 75
2959 93 3
2960 52 71
2961 50 80
2962 70 5
2963 56 31
2964 55 55
2965 69 95
2966 51 84
2967 50 18
2968 83 90
2969 51 35
2970 90 97
2971 51 13
2972 52 42
2973 93 67
2974 56 68
2975 93 78
2976 80 9
2977 94 15
2978 96 28
2979 95 40
2980 85 29
2981 67 53
2982 65 29
2983 68 34
2984 87 92
2985 92 79
2986 63 60
2987 88 37
2988 81 72
2989 98 51
2990 76 57
2991 100 77
2992 88 46
2993 62 81
2994 91 91
2995 76 20
2996 81 1
2997 54 39
2998 53 44
2999 56 32
