23660
0 99 23
1 39 14
2 40 38
3 48 49
4 25 55
5 87 24
6 51 6
7 22 76
8 33 45
9 83 95
10 44 73
11 92 21
12 33 56
13 41 68
14 100 67
15 54 51
16 50 95
17 53 61
18 83 32
19 48 59
20 66 27
21 76 24
22 23 32
23 84 50
24 99 46
25 33 94
26 15 19
27 83 82
28 25 47
29 74 49
30 45 21
31 41 53
32 79 40
33 15 19
34 53 65
35 66 29
36 37 91
37 29 96
38 71 36
39 23 9
40 63 57
41 44 86
42 75 74
43 77 55
44 38 40
45 88 63
46 78 19
47 79 29
48 64 17
49 96 82
50 77 88
51 51 51
52 24 41
53 91 14
54 96 96
55 14 75
56 90 85
57 35 72
58 67 75
59 88 16
60 70 20
61 37 15
62 39 18
63 97 64
64 50 55
65 89 96
66 62 33
67 50 87
68 15 58
69 94 87
70 79 45
71 73 21
72 42 19
73 45 80
74 90 69
75 75 52
76 57 50
77 52 36
78 20 38
79 51 43
80 60 87
81 65 10
82 12 57
83 39 41
84 32 25
85 50 69
86 24 41
87 22 88
88 90 69
89 55 9
90 13 13
91 48 28
92 13 45
93 19 74
94 26 7
95 75 88
96 84 86
97 39 71
98 26 77
99 73 60
100 76 11
101 78 38
102 94 65
103 83 47
104 58 83
105 97 95
106 31 100
107 41 94
108 95 69
109 82 61
110 54 75
111 68 70
112 53 42
113 52 89
114 52 29
115 11 51
116 40 44
117 15 22
118 28 100
119 48 48
120 69 73
121 32 76
122 75 94
123 20 83
124 27 93
125 78 45
126 69 64
127 72 94
128 59 47
129 31 37
130 71 79
131 26 34
132 19 88
133 90 86
134 93 73
135 77 82
136 58 28
137 76 89
138 33 79
139 52 36
140 10 37
141 85 72
142 16 67
143 67 32
144 52 17
145 68 82
146 73 34
147 75 87
148 66 94
149 62 78
150 15 60
151 85 93
152 47 98
153 33 90
154 25 48
155 98 76
156 91 35
157 24 63
158 63 48
159 53 54
160 21 26
161 97 25
162 53 15
163 24 19
164 88 50
165 57 90
166 38 48
167 78 41
168 72 26
169 65 18
170 87 75
171 34 68
172 29 78
173 95 58
174 74 63
175 87 70
176 88 10
177 57 26
178 18 58
179 67 51
180 54 31
181 31 76
182 75 52
183 50 66
184 97 37
185 58 16
186 70 33
187 91 63
188 17 71
189 88 82
190 74 60
191 95 98
192 97 41
193 52 12
194 29 75
195 48 86
196 57 99
197 26 54
198 33 58
199 71 97
200 41 6
201 74 71
202 81 14
203 52 61
204 71 37
205 40 18
206 61 40
207 43 32
208 58 70
209 75 60
210 52 94
211 53 19
212 90 37
213 33 15
214 86 16
215 43 40
216 33 76
217 45 61
218 96 60
219 33 9
220 24 90
221 97 26
222 51 99
223 62 24
224 84 76
225 67 99
226 69 83
227 64 23
228 23 70
229 76 33
230 92 24
231 88 54
232 19 49
233 77 25
234 81 45
235 86 95
236 44 99
237 20 20
238 68 60
239 80 85
240 63 11
241 32 29
242 88 22
243 67 79
244 51 44
245 57 16
246 24 76
247 88 47
248 49 18
249 32 6
250 100 51
251 20 64
252 89 9
253 95 32
254 46 51
255 17 87
256 97 23
257 68 39
258 100 20
259 26 10
260 87 87
261 98 48
262 18 97
263 76 100
264 21 69
265 26 48
266 29 47
267 31 78
268 95 24
269 60 40
270 25 59
271 61 58
272 11 75
273 31 54
274 25 43
275 65 68
276 13 14
277 96 19
278 96 88
279 90 57
280 41 41
281 79 79
282 49 11
283 24 59
284 56 90
285 29 63
286 41 29
287 10 20
288 48 94
289 58 50
290 11 28
291 84 70
292 34 19
293 80 66
294 86 70
295 80 56
296 91 98
297 30 55
298 22 83
299 83 90
300 95 35
301 97 59
302 91 59
303 34 80
304 74 9
305 71 61
306 56 62
307 47 51
308 58 14
309 69 70
310 31 84
311 60 68
312 84 60
313 23 94
314 13 80
315 13 91
316 13 32
317 12 44
318 21 88
319 87 35
320 72 36
321 95 43
322 21 28
323 88 82
324 30 63
325 12 40
326 41 83
327 93 11
328 20 62
329 39 71
330 25 6
331 31 44
332 18 73
333 33 44
334 72 65
335 11 16
336 25 85
337 69 28
338 46 14
339 36 12
340 92 66
341 34 66
342 50 16
343 47 21
344 76 21
345 41 91
346 61 61
347 84 93
348 82 95
349 22 28
350 94 92
351 65 52
352 60 26
353 24 13
354 54 68
355 87 15
356 11 43
357 66 28
358 59 42
359 72 8
360 15 71
361 92 97
362 45 44
363 71 58
364 98 95
365 62 48
366 59 12
367 41 97
368 42 95
369 79 89
370 87 31
371 44 81
372 27 28
373 98 39
374 76 84
375 24 55
376 11 14
377 18 69
378 59 22
379 85 22
380 40 51
381 73 31
382 55 10
383 71 30
384 83 20
385 72 55
386 94 62
387 80 7
388 87 47
389 86 74
390 31 64
391 77 91
392 35 63
393 24 63
394 95 7
395 21 84
396 24 48
397 14 89
398 17 83
399 42 39
400 39 15
401 33 31
402 58 52
403 92 7
404 23 62
405 29 52
406 49 89
407 78 46
408 79 61
409 36 73
410 47 46
411 75 95
412 89 73
413 77 52
414 37 90
415 93 40
416 70 91
417 70 45
418 19 29
419 17 71
420 51 37
421 83 69
422 18 18
423 93 7
424 78 34
425 84 92
426 42 72
427 61 45
428 16 97
429 34 80
430 49 87
431 44 71
432 34 15
433 92 32
434 72 40
435 67 9
436 29 60
437 35 38
438 55 10
439 64 53
440 54 93
441 12 81
442 75 79
443 72 6
444 88 62
445 26 60
446 44 77
447 37 8
448 75 83
449 34 97
450 10 45
451 49 27
452 81 85
453 33 24
454 91 74
455 51 66
456 52 95
457 88 84
458 11 12
459 41 74
460 83 73
461 22 10
462 67 40
463 57 86
464 50 77
465 42 60
466 17 14
467 46 6
468 89 86
469 55 48
470 80 53
471 91 100
472 74 57
473 43 80
474 63 38
475 83 18
476 94 65
477 52 77
478 52 20
479 43 46
480 92 83
481 15 86
482 85 47
483 100 21
484 72 88
485 53 72
486 45 25
487 38 34
488 66 29
489 47 49
490 58 63
491 89 61
492 93 16
493 51 27
494 87 79
495 22 37
496 90 56
497 91 56
498 10 24
499 67 29
500 44 48
501 64 32
502 86 86
503 81 26
504 32 23
505 82 16
506 33 22
507 31 80
508 35 8
509 28 69
510 35 92
511 84 17
512 37 22
513 53 39
514 62 26
515 60 91
516 24 87
517 97 92
518 59 50
519 49 69
520 81 5
521 18 8
522 15 30
523 12 30
524 55 17
525 16 7
526 52 41
527 36 8
528 18 88
529 51 90
530 97 61
531 51 85
532 91 28
533 39 32
534 81 59
535 63 30
536 49 97
537 20 10
538 12 55
539 87 34
540 19 22
541 96 20
542 75 51
543 68 89
544 87 9
545 60 67
546 72 23
547 96 99
548 87 94
549 29 81
550 100 34
551 82 94
552 33 79
553 78 48
554 35 85
555 97 24
556 74 30
557 73 97
558 51 59
559 89 20
560 59 8
561 53 69
562 37 95
563 22 20
564 29 37
565 17 81
566 51 95
567 59 29
568 38 36
569 13 61
570 98 98
571 43 31
572 66 75
573 41 41
574 92 78
575 36 90
576 38 51
577 26 84
578 59 7
579 26 26
580 57 61
581 26 59
582 50 45
583 50 45
584 48 84
585 76 92
586 39 38
587 55 35
588 32 41
589 39 87
590 86 9
591 67 66
592 70 31
593 28 70
594 87 79
595 68 74
596 15 34
597 93 63
598 90 35
599 57 72
600 70 76
601 78 91
602 40 68
603 91 57
604 13 33
605 70 89
606 52 41
607 31 29
608 68 88
609 11 42
610 43 44
611 48 51
612 94 91
613 19 62
614 36 73
615 59 61
616 15 18
617 56 86
618 88 65
619 72 23
620 99 48
621 55 91
622 51 75
623 58 84
624 21 58
625 45 57
626 78 66
627 64 63
628 61 37
629 33 76
630 77 94
631 73 87
632 35 24
633 64 11
634 19 91
635 13 85
636 55 60
637 52 80
638 47 92
639 29 72
640 38 72
641 27 62
642 69 89
643 77 43
644 98 64
645 86 39
646 89 43
647 74 33
648 84 35
649 10 45
650 53 36
651 80 64
652 41 64
653 22 17
654 49 40
655 88 58
656 33 70
657 81 60
658 38 41
659 94 70
660 14 97
661 84 56
662 53 22
663 29 84
664 31 100
665 32 89
666 77 32
667 38 56
668 12 94
669 89 58
670 40 33
671 84 68
672 68 21
673 60 90
674 65 89
675 11 63
676 48 8
677 35 33
678 16 97
679 15 56
680 25 100
681 89 100
682 28 97
683 27 50
684 28 92
685 32 22
686 65 93
687 67 84
688 46 38
689 38 94
690 16 28
691 40 63
692 80 24
693 47 82
694 38 75
695 87 33
696 65 41
697 35 70
698 50 48
699 81 70
700 29 88
701 96 43
702 66 14
703 57 23
704 69 77
705 49 87
706 23 37
707 66 57
708 61 77
709 74 99
710 28 100
711 58 61
712 58 21
713 15 27
714 18 82
715 75 35
716 55 43
717 35 42
718 29 87
719 74 46
720 41 69
721 53 37
722 74 27
723 81 16
724 97 38
725 73 67
726 12 49
727 35 9
728 57 70
729 10 19
730 74 16
731 91 19
732 82 77
733 45 7
734 79 59
735 62 54
736 55 13
737 14 98
738 94 63
739 14 91
740 87 73
741 18 10
742 13 67
743 62 92
744 66 55
745 76 37
746 43 13
747 19 11
748 15 49
749 45 99
750 81 61
751 41 30
752 75 47
753 35 13
754 20 70
755 41 29
756 75 38
757 29 88
758 29 26
759 86 30
760 73 65
761 92 9
762 41 91
763 32 61
764 89 52
765 60 28
766 16 19
767 36 23
768 41 84
769 64 38
770 59 7
771 15 73
772 20 49
773 97 77
774 43 32
775 90 15
776 95 81
777 99 78
778 64 39
779 69 53
780 84 50
781 80 96
782 58 86
783 74 8
784 17 45
785 21 43
786 13 98
787 73 50
788 97 70
789 95 14
790 19 50
791 88 20
792 94 20
793 89 98
794 94 29
795 31 92
796 15 43
797 52 68
798 42 85
799 36 28
800 28 39
801 30 83
802 62 65
803 24 27
804 10 39
805 86 26
806 78 45
807 32 8
808 64 40
809 60 77
810 36 43
811 78 73
812 42 37
813 32 48
814 88 94
815 15 44
816 54 56
817 25 44
818 37 38
819 81 63
820 61 77
821 70 25
822 79 22
823 59 57
824 72 11
825 94 35
826 56 39
827 67 29
828 73 29
829 79 88
830 82 76
831 77 17
832 23 50
833 78 62
834 17 30
835 32 96
836 18 5
837 20 50
838 88 69
839 36 82
840 42 84
841 91 88
842 51 90
843 69 13
844 53 48
845 10 41
846 77 7
847 22 53
848 79 42
849 39 83
850 81 20
851 92 23
852 47 98
853 14 89
854 35 96
855 90 61
856 17 27
857 26 30
858 48 51
859 52 53
860 92 95
861 38 45
862 36 31
863 59 42
864 67 28
865 58 15
866 80 26
867 96 80
868 95 68
869 99 47
870 36 21
871 85 10
872 66 26
873 12 24
874 36 99
875 22 69
876 41 87
877 96 33
878 18 98
879 31 14
880 42 10
881 56 96
882 42 97
883 73 33
884 59 64
885 76 5
886 42 12
887 58 60
888 76 37
889 94 29
890 79 56
891 17 32
892 55 13
893 98 85
894 22 25
895 45 100
896 92 92
897 93 92
898 39 7
899 16 59
900 95 25
901 52 30
902 91 100
903 21 64
904 71 65
905 50 7
906 41 21
907 96 57
908 16 16
909 76 41
910 23 42
911 90 89
912 13 19
913 12 38
914 42 60
915 11 73
916 16 91
917 19 17
918 44 62
919 90 8
920 34 15
921 79 22
922 100 29
923 58 38
924 94 94
925 87 21
926 30 67
927 88 12
928 45 64
929 17 28
930 15 83
931 74 69
932 28 15
933 50 75
934 70 14
935 11 59
936 98 51
937 83 47
938 27 94
939 40 13
940 91 57
941 35 90
942 21 40
943 44 48
944 70 41
945 38 67
946 27 60
947 23 25
948 12 74
949 29 100
950 19 97
951 28 80
952 89 71
953 63 62
954 16 32
955 96 84
956 98 77
957 29 45
958 72 15
959 21 16
960 100 70
961 31 82
962 34 25
963 84 89
964 21 24
965 30 91
966 42 7
967 68 71
968 19 5
969 76 7
970 29 47
971 71 39
972 47 59
973 27 85
974 82 52
975 76 30
976 56 37
977 53 8
978 11 93
979 47 40
980 48 33
981 45 47
982 52 33
983 36 74
984 48 71
985 21 26
986 54 98
987 15 11
988 29 74
989 77 70
990 63 99
991 70 84
992 80 54
993 32 48
994 98 8
995 53 61
996 21 44
997 75 32
998 45 62
999 88 37
1000 36 69
1001 72 45
1002 59 53
1003 29 89
1004 29 29
1005 87 33
1006 55 80
1007 83 45
1008 66 80
1009 97 73
1010 49 38
1011 90 67
1012 47 99
1013 35 14
1014 78 99
1015 69 23
1016 37 72
1017 14 9
1018 22 42
1019 80 60
1020 94 88
1021 49 94
1022 33 10
1023 65 72
1024 77 61
1025 83 51
1026 38 31
1027 64 52
1028 61 32
1029 10 31
1030 84 31
1031 25 98
1032 77 29
1033 27 79
1034 83 100
1035 79 47
1036 47 48
1037 40 6
1038 37 8
1039 42 28
1040 34 42
1041 91 20
1042 52 29
1043 48 42
1044 38 51
1045 75 91
1046 99 93
1047 15 67
1048 78 30
1049 72 75
1050 52 12
1051 70 21
1052 17 28
1053 43 91
1054 12 72
1055 24 69
1056 41 46
1057 42 28
1058 83 18
1059 64 16
1060 41 23
1061 35 40
1062 35 77
1063 95 93
1064 22 51
1065 70 67
1066 67 35
1067 61 37
1068 81 41
1069 43 77
1070 28 62
1071 46 95
1072 16 88
1073 97 28
1074 28 92
1075 39 45
1076 99 15
1077 97 58
1078 87 97
1079 55 78
1080 40 38
1081 86 52
1082 99 61
1083 16 35
1084 90 47
1085 17 23
1086 32 66
1087 62 80
1088 93 18
1089 43 83
1090 51 14
1091 24 15
1092 26 95
1093 93 14
1094 62 90
1095 12 6
1096 68 32
1097 98 6
1098 92 92
1099 70 33
1100 23 53
1101 63 91
1102 95 87
1103 55 87
1104 89 83
1105 95 92
1106 87 18
1107 85 26
1108 35 18
1109 49 32
1110 60 18
1111 28 42
1112 60 57
1113 70 27
1114 62 17
1115 81 77
1116 52 96
1117 31 100
1118 94 73
1119 23 23
1120 24 15
1121 69 85
1122 36 64
1123 71 26
1124 60 92
1125 88 87
1126 80 85
1127 53 44
1128 24 12
1129 69 55
1130 24 28
1131 37 85
1132 98 49
1133 68 15
1134 50 63
1135 48 40
1136 19 77
1137 24 15
1138 79 67
1139 61 53
1140 25 30
1141 10 14
1142 54 5
1143 75 95
1144 50 35
1145 81 54
1146 52 44
1147 30 74
1148 86 82
1149 18 68
1150 93 13
1151 72 55
1152 36 36
1153 99 62
1154 46 12
1155 41 57
1156 54 7
1157 99 30
1158 87 36
1159 91 31
1160 35 15
1161 100 60
1162 15 44
1163 19 84
1164 92 17
1165 71 79
1166 43 89
1167 46 67
1168 56 13
1169 92 90
1170 41 57
1171 61 53
1172 23 43
1173 33 49
1174 68 38
1175 97 97
1176 76 40
1177 74 93
1178 36 70
1179 14 35
1180 56 58
1181 55 97
1182 39 18
1183 10 43
1184 100 11
1185 56 17
1186 85 60
1187 47 13
1188 17 23
1189 84 42
1190 93 12
1191 76 61
1192 43 78
1193 25 32
1194 72 70
1195 64 6
1196 64 58
1197 81 34
1198 77 82
1199 12 51
1200 40 83
1201 98 76
1202 68 63
1203 10 35
1204 94 89
1205 26 6
1206 17 70
1207 80 32
1208 99 22
1209 57 94
1210 66 44
1211 20 5
1212 63 29
1213 92 98
1214 36 85
1215 49 49
1216 12 12
1217 11 59
1218 63 74
1219 24 51
1220 62 33
1221 87 91
1222 79 69
1223 54 74
1224 93 10
1225 30 93
1226 70 64
1227 93 52
1228 86 74
1229 80 88
1230 63 43
1231 100 45
1232 40 53
1233 21 42
1234 42 32
1235 23 45
1236 61 53
1237 54 15
1238 67 95
1239 46 46
1240 71 14
1241 91 59
1242 76 17
1243 17 16
1244 98 30
1245 75 74
1246 10 30
1247 92 8
1248 57 21
1249 69 53
1250 84 72
1251 18 67
1252 46 83
1253 96 71
1254 93 72
1255 57 37
1256 28 64
1257 58 95
1258 49 34
1259 87 45
1260 10 20
1261 13 58
1262 78 17
1263 73 9
1264 38 15
1265 37 44
1266 50 70
1267 71 96
1268 79 95
1269 61 78
1270 70 52
1271 23 74
1272 43 19
1273 80 97
1274 75 5
1275 51 21
1276 56 81
1277 82 47
1278 14 48
1279 78 45
1280 49 32
1281 18 65
1282 80 8
1283 66 35
1284 73 74
1285 13 83
1286 30 67
1287 92 51
1288 69 71
1289 71 77
1290 14 46
1291 67 33
1292 90 61
1293 12 10
1294 25 9
1295 31 8
1296 95 6
1297 89 77
1298 95 41
1299 46 97
1300 31 13
1301 99 16
1302 36 67
1303 22 16
1304 95 88
1305 43 16
1306 16 28
1307 67 47
1308 48 29
1309 94 34
1310 39 62
1311 83 97
1312 39 74
1313 91 54
1314 50 80
1315 31 73
1316 86 79
1317 95 17
1318 28 48
1319 83 31
1320 82 42
1321 80 90
1322 66 93
1323 70 83
1324 52 44
1325 67 76
1326 94 97
1327 74 64
1328 93 25
1329 93 8
1330 61 17
1331 50 39
1332 36 39
1333 27 88
1334 55 34
1335 98 10
1336 89 47
1337 34 17
1338 97 55
1339 62 31
1340 63 86
1341 30 91
1342 68 63
1343 79 32
1344 62 5
1345 57 93
1346 98 94
1347 61 10
1348 52 55
1349 94 25
1350 63 78
1351 45 35
1352 48 77
1353 99 40
1354 18 78
1355 86 70
1356 39 92
1357 20 56
1358 81 34
1359 52 14
1360 81 82
1361 44 92
1362 88 48
1363 14 100
1364 83 38
1365 93 77
1366 43 48
1367 82 75
1368 50 44
1369 33 84
1370 54 63
1371 93 70
1372 36 89
1373 96 22
1374 37 58
1375 13 61
1376 45 43
1377 76 53
1378 99 28
1379 55 37
1380 70 40
1381 48 21
1382 100 36
1383 81 69
1384 54 23
1385 99 94
1386 91 87
1387 93 8
1388 73 86
1389 50 28
1390 82 88
1391 24 28
1392 44 94
1393 64 57
1394 95 11
1395 98 39
1396 32 9
1397 67 38
1398 91 10
1399 98 65
1400 59 83
1401 100 6
1402 42 79
1403 20 40
1404 85 42
1405 68 69
1406 77 67
1407 75 15
1408 34 26
1409 13 25
1410 55 11
1411 78 21
1412 34 13
1413 35 76
1414 38 43
1415 10 30
1416 47 6
1417 79 61
1418 69 62
1419 69 89
1420 66 80
1421 78 56
1422 93 44
1423 19 37
1424 48 77
1425 33 91
1426 82 97
1427 88 36
1428 45 89
1429 28 56
1430 90 99
1431 28 44
1432 20 17
1433 82 48
1434 49 47
1435 17 45
1436 86 75
1437 71 87
1438 95 25
1439 50 28
1440 93 61
1441 96 59
1442 62 100
1443 35 34
1444 68 11
1445 73 6
1446 21 44
1447 70 25
1448 26 51
1449 77 49
1450 82 19
1451 89 55
1452 46 34
1453 86 33
1454 73 75
1455 36 36
1456 57 42
1457 85 8
1458 80 7
1459 39 49
1460 90 75
1461 53 53
1462 97 82
1463 45 63
1464 91 21
1465 50 33
1466 83 73
1467 84 63
1468 53 79
1469 90 63
1470 25 27
1471 94 45
1472 78 30
1473 32 62
1474 14 99
1475 60 29
1476 10 29
1477 93 93
1478 70 17
1479 74 18
1480 92 95
1481 94 77
1482 38 92
1483 57 93
1484 17 84
1485 49 70
1486 27 86
1487 53 93
1488 26 89
1489 86 28
1490 52 43
1491 94 47
1492 79 98
1493 64 54
1494 53 74
1495 75 26
1496 67 23
1497 34 61
1498 80 30
1499 99 70
